--------
0.446266
0.453987
0.461548
0.468953
0.476205
0.483307
0.490262
0.497075
0.503747
0.510283
0.516684
0.522956
0.616772
0.621085
0.625319
0.629474
0.633553
0.637559
0.641492
0.645354
0.649147
0.652873
0.656533
0.660128
0.663661
0.667133
0.670545
0.673898
0.677195
0.680435
0.683621
0.686754
0.689834
0.692864
0.695844
0.698775
0.701658
0.704495
0.707287
0.710034
0.712737
0.715397
0.718016
0.720595
0.723133
0.725632
0.730516
0.735253
0.73985
0.744311
0.748643
0.752851
0.756939
0.760912
0.764774
0.768531
0.772185
0.775741
0.779202
0.782572
0.785855
0.789052
0.792168
0.795205
0.798166
0.801054
0.803871
0.806619
0.809302
0.81192
0.814477
0.816974
0.819413
0.821796
0.824125
0.826402
0.828628
0.830805
0.832934
0.835017
0.837055
0.839049
0.841002
0.842913
0.844785
0.853588
0.861555
0.868794
0.875396
0.881438
0.886985
0.892092
0.896809
0.901175
0.905227
0.908996
0.91251
0.915792
0.918863
0.921743
0.924448
0.926993
0.929391
0.931653
0.933791
0.937731
0.941275
0.944479
0.947388
0.950038
--------